   0.00000000       75.0000000    
   9.99999978E-03   74.9816055    
   1.99999996E-02   74.9264374    
   2.99999993E-02   74.8345184    
   3.99999991E-02   74.7058945    
   4.99999970E-02   74.5406265    
   5.99999987E-02   74.3387985    
   7.00000003E-02   74.1005096    
   7.99999982E-02   73.8258743    
   8.99999961E-02   73.5150299    
   9.99999940E-02   73.1681290    
  0.109999999       72.7853394    
  0.119999997       72.3668518    
  0.129999995       71.9128723    
  0.140000001       71.4236145    
  0.149999991       70.8993301    
  0.159999996       70.3402710    
  0.170000002       69.7467117    
  0.179999992       69.1189423    
  0.189999998       68.4572678    
  0.199999988       67.7620163    
  0.209999993       67.0335312    
  0.219999999       66.2721634    
  0.229999989       65.4782944    
  0.239999995       64.6523056    
  0.250000000       63.7946091    
  0.259999990       62.9056244    
  0.269999981       61.9857864    
  0.280000001       61.0355453    
  0.289999992       60.0553665    
  0.299999982       59.0457306    
  0.310000002       58.0071335    
  0.319999993       56.9400864    
  0.329999983       55.8451118    
  0.340000004       54.7227440    
  0.349999994       53.5735359    
  0.359999985       52.3980522    
  0.370000005       51.1968689    
  0.379999995       49.9705734    
  0.389999986       48.7197685    
  0.399999976       47.4450684    
  0.409999996       46.1470985    
  0.419999987       44.8264923    
  0.429999977       43.4839020    
  0.439999998       42.1199837    
  0.449999988       40.7354050    
  0.459999979       39.3308449    
  0.469999999       37.9069939    
  0.479999989       36.4645500    
  0.489999980       35.0042229    
  0.500000000       33.5267258    
  0.509999990       32.0327873    
  0.519999981       30.5231361    
  0.529999971       28.9985142    
  0.539999962       27.4596691    
  0.550000012       25.9073544    
  0.560000002       24.3423328    
  0.569999993       22.7653732    
  0.579999983       21.1772461    
  0.589999974       19.5787334    
  0.599999964       17.9706173    
  0.610000014       16.3536873    
  0.620000005       14.7287350    
  0.629999995       13.0965586    
  0.639999986       11.4579592    
  0.649999976       9.81373978    
  0.659999967       8.16470718    
  0.669999957       6.51166964    
  0.680000007       4.85543823    
  0.689999998       3.19682527    
  0.699999988       1.53664422    
  0.709999979     -0.124290496    
  0.719999969      -1.78516424    
  0.729999959      -3.44516230    
  0.740000010      -5.10347080    
  0.750000000      -6.75927591    
  0.759999990      -8.41176605    
  0.769999981      -10.0601301    
  0.779999971      -11.7035599    
  0.789999962      -13.3412495    
  0.799999952      -14.9723949    
  0.810000002      -16.5961971    
  0.819999993      -18.2118587    
  0.829999983      -19.8185883    
  0.839999974      -21.4155979    
  0.849999964      -23.0021019    
  0.859999955      -24.5773239    
  0.870000005      -26.1404915    
  0.879999995      -27.6908379    
  0.889999986      -29.2276020    
  0.899999976      -30.7500305    
  0.909999967      -32.2573776    
  0.919999957      -33.7489014    
  0.930000007      -35.2238731    
  0.939999998      -36.6815681    
  0.949999988      -38.1212730    
  0.959999979      -39.5422783    
  0.969999969      -40.9438896    
  0.979999959      -42.3254204    
  0.989999950      -43.6861916    
   1.00000000      -45.0255356    
   1.00999999      -46.3427925    
   1.01999998      -47.6373215    
   1.02999997      -48.9084854    
   1.03999996      -50.1556587    
   1.04999995      -51.3782349    
   1.05999994      -52.5756073    
   1.06999993      -53.7471962    
   1.07999992      -54.8924217    
   1.09000003      -56.0107231    
   1.10000002      -57.1015511    
   1.11000001      -58.1643715    
   1.12000000      -59.1986656    
   1.13000000      -60.2039223    
   1.13999999      -61.1796532    
   1.14999998      -62.1253738    
   1.15999997      -63.0406227    
   1.16999996      -63.9249535    
   1.17999995      -64.7779312    
   1.18999994      -65.5991364    
   1.19999993      -66.3881683    
   1.20999992      -67.1446381    
   1.22000003      -67.8681717    
   1.23000002      -68.5584183    
   1.24000001      -69.2150345    
   1.25000000      -69.8377075    
   1.25999999      -70.4261246    
   1.26999998      -70.9799957    
   1.27999997      -71.4990540    
   1.28999996      -71.9830475    
   1.29999995      -72.4317322    
   1.30999994      -72.8448944    
   1.31999993      -73.2223206    
   1.32999992      -73.5638351    
   1.33999991      -73.8692703    
   1.35000002      -74.1384735    
   1.36000001      -74.3713150    
   1.37000000      -74.5676727    
   1.38000000      -74.7274628    
   1.38999999      -74.8506012    
   1.39999998      -74.9370270    
   1.40999997      -74.9866943    
   1.41999996      -74.9995804    
   1.42999995      -74.9756851    
   1.43999994      -74.9150162    
   1.44999993      -74.8175964    
   1.45999992      -74.6834869    
   1.46999991      -74.5127411    
   1.48000002      -74.3054504    
   1.49000001      -74.0617142    
   1.50000000      -73.7816544    
   1.50999999      -73.4654007    
   1.51999998      -73.1131210    
   1.52999997      -72.7249756    
   1.53999996      -72.3011627    
   1.54999995      -71.8418884    
   1.55999994      -71.3473740    
   1.56999993      -70.8178635    
   1.57999992      -70.2536240    
   1.58999991      -69.6549225    
   1.59999990      -69.0220566    
   1.61000001      -68.3553391    
   1.62000000      -67.6550903    
   1.63000000      -66.9216614    
   1.63999999      -66.1554108    
   1.64999998      -65.3567123    
   1.65999997      -64.5259552    
   1.66999996      -63.6635513    
   1.67999995      -62.7699203    
   1.68999994      -61.8455009    
   1.69999993      -60.8907471    
   1.70999992      -59.9061279    
   1.71999991      -58.8921280    
   1.73000002      -57.8492432    
   1.74000001      -56.7779846    
   1.75000000      -55.6788750    
   1.75999999      -54.5524559    
   1.76999998      -53.3992805    
   1.77999997      -52.2199135    
   1.78999996      -51.0149345    
   1.79999995      -49.7849350    
   1.80999994      -48.5305138    
   1.81999993      -47.2522926    
   1.82999992      -45.9508934    
   1.83999991      -44.6269569    
   1.84999990      -43.2811317    
   1.86000001      -41.9140778    
   1.87000000      -40.5264664    
   1.88000000      -39.1189766    
   1.88999999      -37.6922989    
   1.89999998      -36.2471352    
   1.90999997      -34.7841911    
   1.91999996      -33.3041878    
   1.92999995      -31.8078499    
   1.93999994      -30.2959099    
   1.94999993      -28.7691097    
   1.95999992      -27.2281990    
   1.96999991      -25.6739349    
   1.97999990      -24.1070766    
   1.99000001      -22.5283947    
   2.00000000      -20.9386635    
   2.00999999      -19.3386631    
   2.01999998      -17.7291775    
   2.02999997      -16.1109943    
   2.03999996      -14.4849100    
   2.04999995      -12.8517208    
   2.05999994      -11.2122288    
   2.06999993      -9.56723690    
   2.07999992      -7.91755247    
   2.08999991      -6.26398468    
   2.09999990      -4.60734463    
   2.10999990      -2.94844460    
   2.11999989      -1.28809845    
   2.12999988      0.372879535    
   2.13999987       2.03367472    
   2.14999986       3.69347239    
   2.15999985       5.35145855    
   2.16999984       7.00681973    
   2.18000007       8.65874481    
   2.19000006       10.3064222    
   2.20000005       11.9490452    
   2.21000004       13.5858068    
   2.22000003       15.2159052    
   2.23000002       16.8385410    
   2.24000001       18.4529171    
   2.25000000       20.0582428    
   2.25999999       21.6537304    
   2.26999998       23.2385979    
   2.27999997       24.8120670    
   2.28999996       26.3733654    
   2.29999995       27.9217281    
   2.30999994       29.4563961    
   2.31999993       30.9766159    
   2.32999992       32.4816437    
   2.33999991       33.9707375    
   2.34999990       35.4431725    
   2.35999990       36.8982201    
   2.36999989       38.3351707    
   2.37999988       39.7533188    
   2.38999987       41.1519699    
   2.39999986       42.5304375    
   2.40999985       43.8880424    
   2.41999984       45.2241211    
   2.42999983       46.5380211    
   2.44000006       47.8290939    
   2.45000005       49.0967064    
   2.46000004       50.3402405    
   2.47000003       51.5590820    
   2.48000002       52.7526360    
   2.49000001       53.9203148    
   2.50000000       55.0615463    
   2.50999999       56.1757698    
   2.51999998       57.2624435    
   2.52999997       58.3210297    
   2.53999996       59.3510094    
   2.54999995       60.3518791    
   2.55999994       61.3231468    
   2.56999993       62.2643394    
   2.57999992       63.1749916    
   2.58999991       64.0546570    
   2.59999990       64.9029083    
   2.60999990       65.7193222    
   2.61999989       66.5035019    
   2.62999988       67.2550659    
   2.63999987       67.9736404    
   2.64999986       68.6588745    
   2.65999985       69.3104324    
   2.66999984       69.9279938    
   2.67999983       70.5112610    
   2.69000006       71.0599442    
   2.70000005       71.5737686    
   2.71000004       72.0524902    
   2.72000003       72.4958725    
   2.73000002       72.9036942    
   2.74000001       73.2757568    
   2.75000000       73.6118851    
   2.75999999       73.9119034    
   2.76999998       74.1756744    
   2.77999997       74.4030609    
   2.78999996       74.5939560    
   2.79999995       74.7482605    
   2.80999994       74.8659058    
   2.81999993       74.9468307    
   2.82999992       74.9909973    
   2.83999991       74.9983826    
   2.84999990       74.9689789    
   2.85999990       74.9028091    
   2.86999989       74.7998962    
   2.87999988       74.6602936    
   2.88999987       74.4840775    
   2.89999986       74.2713242    
   2.90999985       74.0221405    
   2.91999984       73.7366562    
   2.92999983       73.4150009    
   2.93999982       73.0573425    
   2.95000005       72.6638489    
   2.96000004       72.2347107    
   2.97000003       71.7701492    
   2.98000002       71.2703857    
   2.99000001       70.7356644    
   3.00000000       70.1662445    
   3.00999999       69.5624084    
   3.01999998       68.9244537    
   3.02999997       68.2526932    
   3.03999996       67.5474548    
   3.04999995       66.8090897    
   3.05999994       66.0379562    
   3.06999993       65.2344284    
   3.07999992       64.3989105    
   3.08999991       63.5318031    
   3.09999990       62.6335335    
   3.10999990       61.7045441    
   3.11999989       60.7452927    
   3.12999988       59.7562447    
   3.13999987       58.7378883    
   3.14999986       57.6907234    
   3.15999985       56.6152611    
   3.16999984       55.5120316    
   3.17999983       54.3815727    
   3.18999982       53.2244415    
   3.19999981       52.0412025    
   3.21000004       50.8324394    
   3.22000003       49.5987434    
   3.23000002       48.3407211    
   3.24000001       47.0589905    
   3.25000000       45.7541771    
   3.25999999       44.4269218    
   3.26999998       43.0778770    
   3.27999997       41.7077026    
   3.28999996       40.3170700    
   3.29999995       38.9066658    
   3.30999994       37.4771767    
   3.31999993       36.0293045    
   3.32999992       34.5637627    
   3.33999991       33.0812683    
   3.34999990       31.5825481    
   3.35999990       30.0683365    
   3.36999989       28.5393772    
   3.37999988       26.9964199    
   3.38999987       25.4402218    
   3.39999986       23.8715458    
   3.40999985       22.2911606    
   3.41999984       20.6998425    
   3.42999983       19.0983715    
   3.43999982       17.4875336    
   3.44999981       15.8681173    
   3.46000004       14.2409182    
   3.47000003       12.6067343    
   3.48000002       10.9663668    
   3.49000001       9.32062054    
   3.50000000       7.67030287    
   3.50999999       6.01622343    
   3.51999998       4.35919285    
   3.52999997       2.70002413    
   3.53999996       1.03953111    
   3.54999995     -0.621471822    
   3.55999994      -2.28216982    
   3.56999993      -3.94174862    
   3.57999992      -5.59939384    
   3.58999991      -7.25429296    
   3.59999990      -8.90563393    
   3.60999990      -10.5526066    
   3.61999989      -12.1944036    
   3.62999988      -13.8302193    
   3.63999987      -15.4592514    
   3.64999986      -17.0807018    
   3.65999985      -18.6937752    
   3.66999984      -20.2976780    
   3.67999983      -21.8916264    
   3.68999982      -23.4748363    
   3.69999981      -25.0465336    
   3.70999980      -26.6059456    
   3.72000003      -28.1523075    
   3.73000002      -29.6848621    
   3.74000001      -31.2028561    
   3.75000000      -32.7055473    
   3.75999999      -34.1921959    
   3.76999998      -35.6620750    
   3.77999997      -37.1144600    
   3.78999996      -38.5486412    
   3.79999995      -39.9639168    
   3.80999994      -41.3595886    
   3.81999993      -42.7349777    
   3.82999992      -44.0894051    
   3.83999991      -45.4222069    
   3.84999990      -46.7327309    
   3.85999990      -48.0203323    
   3.86999989      -49.2843819    
   3.87999988      -50.5242577    
   3.88999987      -51.7393532    
   3.89999986      -52.9290695    
   3.90999985      -54.0928268    
   3.91999984      -55.2300529    
   3.92999983      -56.3401909    
   3.93999982      -57.4226952    
   3.94999981      -58.4770317    
   3.95999980      -59.5026894    
   3.97000003      -60.4991608    
   3.98000002      -61.4659576    
   3.99000001      -62.4026070    
   4.00000000      -63.3086510    
   4.00999975      -64.1836395    
   4.01999998      -65.0271530    
   4.02999973      -65.8387680    
   4.03999996      -66.6180878    
   4.04999971      -67.3647385    
   4.05999994      -68.0783463    
   4.06999969      -68.7585602    
   4.07999992      -69.4050522    
   4.08999968      -70.0175018    
   4.09999990      -70.5956116    
   4.11000013      -71.1390915    
   4.11999989      -71.6476822    
   4.13000011      -72.1211319    
   4.13999987      -72.5592041    
   4.15000010      -72.9616852    
   4.15999985      -73.3283844    
   4.17000008      -73.6591187    
   4.17999983      -73.9537201    
   4.19000006      -74.2120514    
   4.19999981      -74.4339828    
   4.21000004      -74.6194077    
   4.21999979      -74.7682343    
   4.23000002      -74.8803864    
   4.23999977      -74.9558105    
   4.25000000      -74.9944687    
   4.25999975      -74.9963455    
   4.26999998      -74.9614410    
   4.27999973      -74.8897629    
   4.28999996      -74.7813568    
   4.29999971      -74.6362686    
   4.30999994      -74.4545746    
   4.31999969      -74.2363663    
   4.32999992      -73.9817429    
   4.33999968      -73.6908340    
   4.34999990      -73.3637772    
   4.36000013      -73.0007401    
   4.36999989      -72.6018982    
   4.38000011      -72.1674500    
   4.38999987      -71.6976013    
   4.40000010      -71.1925888    
   4.40999985      -70.6526566    
   4.42000008      -70.0780716    
   4.42999983      -69.4691162    
   4.44000006      -68.8260880    
   4.44999981      -68.1492996    
   4.46000004      -67.4390869    
   4.46999979      -66.6957932    
   4.48000002      -65.9197845    
   4.48999977      -65.1114426    
   4.50000000      -64.2711716    
   4.50999975      -63.3993721    
   4.51999998      -62.4964790    
   4.52999973      -61.5629311    
   4.53999996      -60.5991898    
   4.54999971      -59.6057243    
   4.55999994      -58.5830231    
   4.56999969      -57.5315895    
   4.57999992      -56.4519348    
   4.58999968      -55.3445930    
   4.59999990      -54.2101059    
   4.61000013      -53.0490303    
   4.61999989      -51.8619347    
   4.63000011      -50.6494026    
   4.63999987      -49.4120293    
   4.65000010      -48.1504173    
   4.65999985      -46.8651886    
   4.67000008      -45.5569763    
   4.67999983      -44.2264175    
   4.69000006      -42.8741684    
   4.69999981      -41.5008888    
   4.71000004      -40.1072540    
   4.71999979      -38.6939468    
   4.73000002      -37.2616615    
   4.73999977      -35.8111000    
   4.75000000      -34.3429756    
   4.75999975      -32.8580055    
   4.76999998      -31.3569183    
   4.77999973      -29.8404522    
   4.78999996      -28.3093491    
   4.79999971      -26.7643604    
   4.80999994      -25.2062454    
   4.81999969      -23.6357670    
   4.82999992      -22.0536957    
   4.83999968      -20.4608078    
   4.84999990      -18.8578835    
   4.85999966      -17.2457104    
   4.86999989      -15.6250782    
   4.88000011      -13.9967823    
   4.88999987      -12.3616219    
   4.90000010      -10.7203979    
   4.90999985      -9.07391548    
   4.92000008      -7.42298269    
   4.92999983      -5.76840925    
   4.94000006      -4.11100626    
   4.94999981      -2.45158696    
   4.96000004     -0.790965259    
   4.96999979      0.870044410    
   4.98000002       2.53062749    
   4.98999977       4.18996906    
   5.00000000       5.84725571    
   5.00999975       7.50167465    
   5.01999998       9.15241432    
   5.02999973       10.7986650    
   5.03999996       12.4396191    
   5.04999971       14.0744715    
   5.05999994       15.7024202    
   5.06999969       17.3226681    
   5.07999992       18.9344196    
   5.08999968       20.5368843    
   5.09999990       22.1292763    
   5.10999966       23.7108135    
   5.11999989       25.2807217    
   5.13000011       26.8382301    
   5.13999987       28.3825741    
   5.15000010       29.9129982    
   5.15999985       31.4287491    
   5.17000008       32.9290848    
   5.17999983       34.4132690    
   5.19000006       35.8805733    
   5.19999981       37.3302803    
   5.21000004       38.7616768    
   5.21999979       40.1740608    
   5.23000002       41.5667419    
   5.23999977       42.9390373    
   5.25000000       44.2902718    
   5.25999975       45.6197815    
   5.26999998       46.9269142    
   5.27999973       48.2110329    
   5.28999996       49.4715042    
   5.29999971       50.7077103    
   5.30999994       51.9190445    
   5.31999969       53.1049156    
   5.32999992       54.2647400    
   5.33999968       55.3979454    
   5.34999990       56.5039787    
   5.35999966       57.5822983    
   5.36999989       58.6323776    
   5.38000011       59.6536980    
   5.38999987       60.6457596    
   5.40000010       61.6080742    
   5.40999985       62.5401726    
   5.42000008       63.4415970    
   5.42999983       64.3119049    
   5.44000006       65.1506653    
   5.44999981       65.9574738    
   5.46000004       66.7319336    
   5.46999979       67.4736633    
   5.48000002       68.1822968    
   5.48999977       68.8574829    
   5.50000000       69.4989014    
   5.50999975       70.1062317    
   5.51999998       70.6791763    
   5.52999973       71.2174530    
   5.53999996       71.7208023    
   5.54999971       72.1889725    
   5.55999994       72.6217346    
   5.56999969       73.0188751    
   5.57999992       73.3802032    
   5.58999968       73.7055359    
   5.59999990       73.9947205    
   5.60999966       74.2476120    
   5.61999989       74.4640884    
   5.62999964       74.6440430    
   5.63999987       74.7873840    
   5.65000010       74.8940430    
   5.65999985       74.9639664    
   5.67000008       74.9971237    
   5.67999983       74.9934921    
   5.69000006       74.9530792    
   5.69999981       74.8759079    
   5.71000004       74.7620087    
   5.71999979       74.6114426    
   5.73000002       74.4242783    
   5.73999977       74.2006073    
   5.75000000       73.9405441    
   5.75999975       73.6442184    
   5.76999998       73.3117676    
   5.77999973       72.9433594    
   5.78999996       72.5391769    
   5.79999971       72.0994110    
   5.80999994       71.6242828    
   5.81999969       71.1140289    
   5.82999992       70.5688934    
   5.83999968       69.9891434    
   5.84999990       69.3750687    
   5.85999966       68.7269669    
   5.86999989       68.0451508    
   5.87999964       67.3299637    
   5.88999987       66.5817490    
   5.90000010       65.8008804    
   5.90999985       64.9877396    
   5.92000008       64.1427231    
   5.92999983       63.2662430    
   5.94000006       62.3587303    
   5.94999981       61.4206352    
   5.96000004       60.4524117    
   5.96999979       59.4545403    
   5.98000002       58.4275055    
   5.98999977       57.3718147    
   6.00000000       56.2879829    
   6.00999975       55.1765442    
   6.01999998       54.0380402    
   6.02999973       52.8730316    
   6.03999996       51.6820908    
   6.04999971       50.4658012    
   6.05999994       49.2247581    
   6.06999969       47.9595718    
   6.07999992       46.6708641    
   6.08999968       45.3592644    
   6.09999990       44.0254173    
   6.10999966       42.6699753    
   6.11999989       41.2936058    
   6.12999964       39.8969841    
   6.13999987       38.4807930    
   6.15000010       37.0457268    
   6.15999985       35.5924911    
   6.17000008       34.1217957    
   6.17999983       32.6343651    
   6.19000006       31.1309280    
   6.19999981       29.6122227    
   6.21000004       28.0789928    
   6.21999979       26.5319901    
   6.23000002       24.9719753    
   6.23999977       23.3997116    
   6.25000000       21.8159714    
   6.25999975       20.2215309    
   6.26999998       18.6171722    
   6.27999973       17.0036812    
   6.28999996       15.3818502    
   6.29999971       13.7524748    
   6.30999994       12.1163540    
   6.31999969       10.4742908    
   6.32999992       8.82709026    
   6.33999968       7.17556000    
   6.34999990       5.52051020    
   6.35999966       3.86275268    
   6.36999989       2.20310068    
   6.37999964      0.542367935    
   6.38999987      -1.11863089    
   6.39999962      -2.77908111    
   6.40999985      -4.43816805    
   6.42000008      -6.09507799    
   6.42999983      -7.74899864    
   6.44000006      -9.39911842    
   6.44999981      -11.0446281    
   6.46000004      -12.6847210    
   6.46999979      -14.3185921    
   6.48000002      -15.9454403    
   6.48999977      -17.5644684    
   6.50000000      -19.1748810    
   6.50999975      -20.7758884    
   6.51999998      -22.3667049    
   6.52999973      -23.9465523    
   6.53999996      -25.5146542    
   6.54999971      -27.0702419    
   6.55999994      -28.6125507    
   6.56999969      -30.1408272    
   6.57999992      -31.6543198    
   6.58999968      -33.1522865    
   6.59999990      -34.6339912    
   6.60999966      -36.0987091    
   6.61999989      -37.5457230    
   6.62999964      -38.9743195    
   6.63999987      -40.3838005    
   6.64999962      -41.7734756    
   6.65999985      -43.1426620    
   6.67000008      -44.4906883    
   6.67999983      -45.8168907    
   6.69000006      -47.1206207    
   6.69999981      -48.4012413    
   6.71000004      -49.6581192    
   6.71999979      -50.8906403    
   6.73000002      -52.0982018    
   6.73999977      -53.2802086    
   6.75000000      -54.4360847    
   6.75999975      -55.5652618    
   6.76999998      -56.6671829    
   6.77999973      -57.7413101    
   6.78999996      -58.7871170    
   6.79999971      -59.8040886    
   6.80999994      -60.7917290    
   6.81999969      -61.7495537    
   6.82999992      -62.6770897    
   6.83999968      -63.5738831    
   6.84999990      -64.4394989    
   6.85999966      -65.2735062    
   6.86999989      -66.0755005    
   6.87999964      -66.8450851    
   6.88999987      -67.5818787    
   6.89999962      -68.2855301    
   6.90999985      -68.9556885    
   6.92000008      -69.5920258    
   6.92999983      -70.1942291    
   6.94000006      -70.7620010    
   6.94999981      -71.2950668    
   6.96000004      -71.7931595    
   6.96999979      -72.2560425    
   6.98000002      -72.6834869    
   6.98999977      -73.0752792    
   7.00000000      -73.4312286    
   7.00999975      -73.7511597    
   7.01999998      -74.0349197    
   7.02999973      -74.2823715    
   7.03999996      -74.4933853    
   7.04999971      -74.6678619    
   7.05999994      -74.8057175    
   7.06999969      -74.9068832    
   7.07999992      -74.9713058    
   7.08999968      -74.9989548    
   7.09999990      -74.9898224    
   7.10999966      -74.9439087    
   7.11999989      -74.8612366    
   7.12999964      -74.7418442    
   7.13999987      -74.5857925    
   7.14999962      -74.3931580    
   7.15999985      -74.1640320    
   7.17000008      -73.8985367    
   7.17999983      -73.5967941    
   7.19000006      -73.2589493    
   7.19999981      -72.8851776    
   7.21000004      -72.4756546    
   7.21999979      -72.0305862    
   7.23000002      -71.5501862    
   7.23999977      -71.0346909    
   7.25000000      -70.4843521    
   7.25999975      -69.8994446    
   7.26999998      -69.2802505    
   7.27999973      -68.6270828    
   7.28999996      -67.9402542    
   7.29999971      -67.2201004    
   7.30999994      -66.4669724    
   7.31999969      -65.6812439    
   7.32999992      -64.8633041    
   7.33999968      -64.0135498    
   7.34999990      -63.1323967    
   7.35999966      -62.2202797    
   7.36999989      -61.2776451    
   7.37999964      -60.3049545    
   7.38999987      -59.3026848    
   7.39999962      -58.2713280    
   7.40999985      -57.2113914    
   7.41999960      -56.1233940    
   7.42999983      -55.0078697    
   7.44000006      -53.8653641    
   7.44999981      -52.6964378    
   7.46000004      -51.5016670    
   7.46999979      -50.2816353    
   7.48000002      -49.0369415    
   7.48999977      -47.7681961    
   7.50000000      -46.4760208    
   7.50999975      -45.1610489    
   7.51999998      -43.8239288    
   7.52999973      -42.4653130    
   7.53999996      -41.0858688    
   7.54999971      -39.6862717    
   7.55999994      -38.2672081    
   7.56999969      -36.8293762    
   7.57999992      -35.3734818    
   7.58999968      -33.9002380    
   7.59999990      -32.4103661    
   7.60999966      -30.9045963    
   7.61999989      -29.3836689    
   7.62999964      -27.8483295    
   7.63999987      -26.2993317    
   7.64999962      -24.7374344    
   7.65999985      -23.1634045    
   7.66999960      -21.5780125    
   7.67999983      -19.9820366    
   7.69000006      -18.3762608    
   7.69999981      -16.7614708    
   7.71000004      -15.1384602    
   7.71999979      -13.5080242    
   7.73000002      -11.8709631    
   7.73999977      -10.2280788    
   7.75000000      -8.58017826    
   7.75999975      -6.92806911    
   7.76999998      -5.27256203    
   7.77999973      -3.61446881    
   7.78999996      -1.95460296    
   7.79999971     -0.293778419    
   7.80999994       1.36719024    
   7.81999969       3.02748847    
   7.82999992       4.68630171    
   7.83999968       6.34281635    
   7.84999990       7.99622011    
   7.85999966       9.64570141    
   7.86999989       11.2904520    
   7.87999964       12.9296646    
   7.88999987       14.5625362    
   7.89999962       16.1882648    
   7.90999985       17.8060532    
   7.91999960       19.4151077    
   7.92999983       21.0146408    
   7.94000006       22.6038666    
   7.94999981       24.1820049    
   7.96000004       25.7482815    
   7.96999979       27.3019295    
   7.98000002       28.8421860    
   7.98999977       30.3682976    
   8.00000000       31.8795128    
   8.01000023       33.3750916    
   8.01999950       34.8543015    
   8.02999973       36.3164177    
   8.03999996       37.7607193    
   8.05000019       39.1865005    
   8.05999947       40.5930595    
   8.06999969       41.9797096    
   8.07999992       43.3457718    
   8.09000015       44.6905708    
   8.09999943       46.0134506    
   8.10999966       47.3137627    
   8.11999989       48.5908661    
   8.13000011       49.8441391    
   8.13999939       51.0729637    
   8.14999962       52.2767372    
   8.15999985       53.4548721    
   8.17000008       54.6067886    
   8.17999935       55.7319221    
   8.18999958       56.8297195    
   8.19999981       57.8996429    
   8.21000004       58.9411659    
   8.22000027       59.9537811    
   8.22999954       60.9369888    
   8.23999977       61.8903084    
   8.25000000       62.8132744    
   8.26000023       63.7054291    
   8.26999950       64.5663376    
   8.27999973       65.3955765    
   8.28999996       66.1927414    
   8.30000019       66.9574432    
   8.30999947       67.6893005    
   8.31999969       68.3879547    
   8.32999992       69.0530701    
   8.34000015       69.6843185    
   8.34999943       70.2813873    
   8.35999966       70.8439865    
   8.36999989       71.3718338    
   8.38000011       71.8646774    
   8.38999939       72.3222733    
   8.39999962       72.7443924    
   8.40999985       73.1308365    
   8.42000008       73.4814072    
   8.42999935       73.7959366    
   8.43999958       74.0742722    
   8.44999981       74.3162766    
   8.46000004       74.5218277    
   8.47000027       74.6908264    
   8.47999954       74.8231964    
   8.48999977       74.9188614    
   8.50000000       74.9777832    
   8.51000023       74.9999313    
   8.51999950       74.9852905    
   8.52999973       74.9338684    
   8.53999996       74.8456955    
   8.55000019       74.7208099    
   8.55999947       74.5592804    
   8.56999969       74.3611755    
   8.57999992       74.1266022    
   8.59000015       73.8556671    
   8.59999943       73.5485077    
   8.60999966       73.2052765    
   8.61999989       72.8261414    
   8.63000011       72.4112854    
   8.63999939       71.9609146    
   8.64999962       71.4752502    
   8.65999985       70.9545288    
   8.67000008       70.3990021    
   8.67999935       69.8089447    
   8.68999958       69.1846466    
   8.69999981       68.5264206    
   8.71000004       67.8345795    
   8.72000027       67.1094666    
   8.72999954       66.3514404    
   8.73999977       65.5608673    
   8.75000000       64.7381363    
   8.76000023       63.8836555    
   8.76999950       62.9978409    
   8.77999973       62.0811272    
   8.78999996       61.1339645    
   8.80000019       60.1568146    
   8.80999947       59.1501617    
   8.81999969       58.1144943    
   8.82999992       57.0503235    
   8.84000015       55.9581718    
   8.84999943       54.8385735    
   8.85999966       53.6920776    
   8.86999989       52.5192490    
   8.88000011       51.3206596    
   8.88999939       50.0968971    
   8.89999962       48.8485641    
   8.90999985       47.5762711    
   8.92000008       46.2806435    
   8.92999935       44.9623146    
   8.93999958       43.6219330    
   8.94999981       42.2601585    
   8.96000004       40.8776550    
   8.97000027       39.4751015    
   8.97999954       38.0531845    
   8.98999977       36.6126060    
   9.00000000       35.1540680    
   9.01000023       33.6782875    
   9.01999950       32.1859894    
   9.02999973       30.6779041    
   9.03999996       29.1547718    
   9.05000019       27.6173401    
   9.05999947       26.0663624    
   9.06999969       24.5025997    
   9.07999992       22.9268188    
   9.09000015       21.3397942    
   9.09999943       19.7423019    
   9.10999966       18.1351261    
   9.11999989       16.5190563    
   9.13000011       14.8948841    
   9.13999939       13.2634058    
   9.14999962       11.6254225    
   9.15999985       9.98173714    
   9.17000008       8.33315563    
   9.17999935       6.68048668    
   9.18999958       5.02454138    
   9.19999981       3.36613154    
   9.21000004       1.70607054    
   9.22000027       4.51726764E-02
   9.22999954      -1.61574733    
   9.23999977      -3.27587485    
   9.25000000      -4.93439579    
   9.26000023      -6.59049654    
   9.26999950      -8.24336433    
   9.27999973      -9.89218903    
   9.28999996      -11.5361624    
   9.30000019      -13.1744766    
   9.30999947      -14.8063297    
   9.31999969      -16.4309196    
   9.32999992      -18.0474510    
   9.34000015      -19.6551304    
   9.34999943      -21.2531700    
   9.35999966      -22.8407860    
   9.36999989      -24.4171982    
   9.38000011      -25.9816341    
   9.38999939      -27.5333271    
   9.39999962      -29.0715141    
   9.40999985      -30.5954437    
   9.42000008      -32.1043663    
   9.42999935      -33.5975418    
   9.43999958      -35.0742378    
   9.44999981      -36.5337296    
   9.46000004      -37.9753036    
   9.46999931      -39.3982506    
   9.47999954      -40.8018761    
   9.48999977      -42.1854897    
   9.50000000      -43.5484085    
   9.51000023      -44.8899689    
   9.51999950      -46.2095108    
   9.52999973      -47.5063896    
   9.53999996      -48.7799683    
   9.55000019      -50.0296211    
   9.55999947      -51.2547340    
   9.56999969      -52.4547081    
   9.57999992      -53.6289558    
   9.59000015      -54.7768974    
   9.59999943      -55.8979721    
   9.60999966      -56.9916306    
   9.61999989      -58.0573349    
   9.63000011      -59.0945625    
   9.63999939      -60.1028061    
   9.64999962      -61.0815735    
   9.65999985      -62.0303802    
   9.67000008      -62.9487610    
   9.67999935      -63.8362694    
   9.68999958      -64.6924667    
   9.69999981      -65.5169296    
   9.71000004      -66.3092575    
   9.71999931      -67.0690689    
   9.72999954      -67.7959824    
   9.73999977      -68.4896393    
   9.75000000      -69.1497040    
   9.76000023      -69.7758560    
   9.76999950      -70.3677826    
   9.77999973      -70.9251938    
   9.78999996      -71.4478149    
   9.80000019      -71.9353943    
   9.80999947      -72.3876953    
   9.81999969      -72.8044891    
   9.82999992      -73.1855698    
   9.84000015      -73.5307541    
   9.84999943      -73.8398743    
   9.85999966      -74.1127777    
   9.86999989      -74.3493347    
   9.88000011      -74.5494232    
   9.88999939      -74.7129440    
   9.89999962      -74.8398209    
   9.90999985      -74.9299927    
   9.92000008      -74.9834137    
   9.92999935      -75.0000534    
   9.93999958      -74.9799118    
   9.94999981      -74.9229889    
   9.96000004      -74.8293228    
   9.96999931      -74.6989517    
   9.97999954      -74.5319443    
   9.98999977      -74.3283768    
   10.0000000      -74.0883560    
